3 0.3937500000000001 0.671875 0.2796875000000001 0.671875 0.2796875000000001 0.7375 0.3937500000000001 0.7375
3 0.34062500000000007 0.3265625 0.26875 0.3265625 0.26875000000000004 0.3828125 0.34062500000000007 0.3828125
3 0.3656250000000001 0.4765625 0.29375000000000007 0.4765625 0.29375000000000007 0.5703125 0.3656250000000001 0.5703125
3 0.50625 0.515625 0.415625 0.515625 0.415625 0.6125 0.50625 0.6125
3 0.5703125000000001 0.709375 0.4921875 0.709375 0.4921875000000001 0.796875 0.5703125000000002 0.796875
3 0.5640625000000001 0.95625 0.5015625000000001 0.95625 0.5015625000000001 1 0.5640625000000001 1
3 0.7828125000000001 0.7968750000000001 0.7125000000000001 0.796875 0.7125000000000001 0.86875 0.7828125000000001 0.86875
3 0.415625 0.38750000000000007 0.3281250000000001 0.3875 0.3281250000000001 0.4515625 0.415625 0.4515625
3 0.63125 0.40625 0.565625 0.40625 0.565625 0.4640625 0.63125 0.4640625
3 0.28593750000000007 0.4671875 0.2062500000000001 0.4671875 0.2062500000000001 0.5171875 0.28593750000000007 0.5171875
3 0.26250000000000007 0.3875 0.17187500000000006 0.3875 0.17187500000000006 0.46875 0.26250000000000007 0.46875
3 0.20468750000000005 0.3125 0.13593750000000004 0.3125 0.13593750000000004 0.371875 0.20468750000000008 0.371875
3 0.5265625 0.3750000000000001 0.4578125 0.3750000000000001 0.4578125 0.409375 0.5265625 0.409375
3 0.465625 0.3625000000000001 0.4234375 0.3625000000000001 0.4234375 0.3906250000000001 0.465625 0.3906250000000001
3 0.51875 0.3359375000000001 0.45 0.3359375000000001 0.45 0.3687500000000001 0.51875 0.3687500000000001
3 0.421875 0.27187500000000003 0.359375 0.271875 0.359375 0.31875000000000003 0.421875 0.3187500000000001
3 0.2765625 0.28125 0.2203125 0.28125 0.2203125 0.315625 0.2765625 0.315625
3 0.4046875 0.20468750000000005 0.3140625 0.2046875 0.3140625 0.25312500000000004 0.4046875 0.2531250000000001
3 0.2484375 0.16093750000000004 0.1921875 0.16093750000000004 0.1921875 0.209375 0.2484375 0.209375
3 0.365625 0.17187500000000006 0.309375 0.17187500000000006 0.309375 0.20156250000000003 0.365625 0.2015625000000001
3 0.553125 0.621875 0.4453125 0.621875 0.4453125 0.70625 0.553125 0.70625