1 0.8022992532847921 0.4933682153141972 0.16018527771934327 0.2507740331007785 0.030816206527016644 0.5931964599726441 0.6729301820924654 0.835790642186063
2 0.9793880824527672 0.17625533444884806 0.9512149026030174 0.02672077023843078 0.9334693966195298 0.03006412656703259 0.9616425764692795 0.1795986907774499
0 0.6296875 0.10937500000000008 0.6109375 0.10937500000000008 0.6109375 0.1390625000000001 0.6296875 0.1390625000000001
0 0.4234375 0.09843750000000004 0.4140625 0.09843750000000004 0.4140625 0.11875000000000005 0.4234375 0.11875000000000005
0 0.459375 0.18593750000000003 0.446875 0.18593750000000003 0.446875 0.2015625000000001 0.459375 0.2015625000000001
0 0.41875 0.2843750000000001 0.4109375 0.2843750000000001 0.4109375 0.30156250000000007 0.41875 0.30156250000000007
0 0.596875 0.3546875000000001 0.58125 0.3546875000000001 0.58125 0.38750000000000007 0.596875 0.38750000000000007
0 0.7453125 0.46093750000000017 0.7265625 0.46093750000000017 0.7265625 0.4906250000000002 0.7453125 0.4906250000000002
0 0.471875 0.684375 0.453125 0.684375 0.453125 0.7046875 0.471875 0.7046875
0 0.45625 0.621875 0.4421875 0.621875 0.4421875 0.6375 0.45625 0.6375
0 0.06562500000000009 0.76875 0.04843750000000009 0.76875 0.04843750000000009 0.7953125 0.06562500000000009 0.7953125
0 0.02656250000000008 0.615625 0.012500000000000077 0.615625 0.012500000000000077 0.6390625 0.02656250000000008 0.6390625
0 0.8171875 0.0765625000000001 0.8046875 0.07656250000000009 0.8046875 0.1062500000000001 0.8171875 0.1062500000000001