0 0.47187500000000016 0.740625 0.4515625000000002 0.740625 0.4515625000000002 0.7703125 0.47187500000000016 0.7703125
0 0.46875 0.3843750000000001 0.453125 0.3843750000000001 0.453125 0.4265625 0.46875 0.4265625
0 0.4796875 0.3687500000000001 0.4625 0.3687500000000001 0.4625 0.4015625 0.4796875 0.4015625
0 0.1890625 0.09843750000000002 0.1734375 0.09843750000000002 0.1734375 0.12031250000000002 0.1890625 0.12031250000000004
0 0.2015625 0.203125 0.18437500000000004 0.203125 0.18437500000000004 0.23125 0.2015625 0.23125
0 0.4078125 4.812479218524365e-17 0.378125 4.63069570927593e-17 0.378125 0.050000000000000044 0.4078125 0.050000000000000044
0 0.9265625 0.2531250000000001 0.909375 0.2531250000000001 0.909375 0.2796875000000001 0.9265625 0.2796875000000001
3 0.809375 0.09687500000000009 0.7125 0.09687500000000009 0.7125 0.1843750000000001 0.809375 0.1843750000000001
3 0.7109375 0.017187500000000085 0.640625 0.017187500000000078 0.640625 0.2171875000000001 0.7109375 0.2171875000000001
3 0.8171875 9.32836429038023e-17 0.70625 8.649068018978182e-17 0.70625 0.1312500000000001 0.8171875 0.1312500000000001
3 0.045312500000000006 0.023437500000000003 2.8702659355016093e-18 0.0234375 7.367015901120798e-18 0.096875 0.04531250000000001 0.096875
3 0.07656250000000002 0.11875 0.004687500000000014 0.11875 0.0046875000000000215 0.2328125 0.07656250000000002 0.2328125
3 0.13906250000000003 0.1796875 0.08281250000000002 0.1796875 0.08281250000000002 0.265625 0.13906250000000003 0.265625
3 0.16562500000000002 0.103125 0.08750000000000002 0.103125 0.08750000000000002 0.2234375 0.16562500000000005 0.2234375
2 0.6048673305176168 0.7686280652284375 0.5082998301995827 0.46951963767563426 0.4767933728015638 0.47969153373251217 0.5733608731195978 0.7787999612853154