3 0.4875 0.3656250000000001 0.3984375000000001 0.3656250000000001 0.3984375000000001 0.528125 0.4875 0.528125
3 0.2484375000000001 0.609375 0.2062500000000001 0.609375 0.2062500000000001 0.6875 0.2484375000000001 0.6875
3 0.715625 0.1546875000000001 0.66875 0.1546875000000001 0.66875 0.2234375000000001 0.715625 0.2234375000000001
3 0.5421875 0.4546875 0.4828125 0.4546875 0.4828125 0.5671875 0.5421875 0.5671875
3 0.3984375000000001 0.434375 0.3515625000000001 0.434375 0.3515625000000001 0.503125 0.3984375000000001 0.503125
3 0.61875 0.428125 0.5625 0.428125 0.5625 0.5078125 0.61875 0.5078125
3 0.7015625 0.3125000000000001 0.6453125 0.3125000000000001 0.6453125 0.3828125000000001 0.7015625 0.3828125000000001
0 0.7359375000000001 0.7609375 0.7234375000000002 0.7609375 0.7234375000000002 0.7828125000000001 0.7359375000000001 0.7828125000000001
0 0.546875 0.22656250000000008 0.534375 0.22656250000000008 0.534375 0.2515625000000001 0.546875 0.2515625000000001
0 0.4953125 0.08281250000000007 0.4796875 0.08281250000000007 0.4796875 0.10468750000000004 0.4953125 0.10468750000000004
3 0.590625 0.02343750000000007 0.5296875 0.023437500000000066 0.5296875 0.12031250000000007 0.590625 0.12031250000000009
0 0.2562500000000001 0.540625 0.2375000000000001 0.540625 0.2375000000000001 0.5703125 0.2562500000000001 0.5703125
0 0.031250000000000076 0.609375 0.01718750000000007 0.609375 0.017187500000000074 0.625 0.031250000000000076 0.625
0 0.08281250000000007 0.5765625 0.06406250000000006 0.5765625 0.06406250000000006 0.6078125 0.08281250000000007 0.6078125
0 0.284375 0.18125000000000005 0.2703125 0.18125000000000005 0.2703125 0.203125 0.284375 0.203125
0 0.2484375000000001 0.4078125 0.2328125000000001 0.4078125 0.2328125000000001 0.4234375 0.2484375000000001 0.4234375
0 0.2484375000000001 0.43125 0.2328125000000001 0.43125 0.2328125000000001 0.44375 0.2484375000000001 0.44375
0 0.2843750000000001 0.434375 0.2718750000000001 0.434375 0.2718750000000001 0.45 0.2843750000000001 0.45