0 0.5171875 0.4609375 0.4953125 0.4609375 0.4953125 0.490625 0.5171875 0.490625
0 0.2750000000000001 0.425 0.2531250000000001 0.425 0.2531250000000001 0.4609375 0.2750000000000001 0.4609375
0 0.30937500000000007 0.3328125 0.29375 0.3328125 0.29375000000000007 0.3640625 0.30937500000000007 0.3640625
0 0.2875 0.08593750000000004 0.2734375 0.08593750000000004 0.2734375 0.10781250000000005 0.2875 0.10781250000000005
0 0.4187500000000002 0.825 0.3781250000000001 0.825 0.3781250000000001 0.88125 0.4187500000000002 0.88125
0 0.7937500000000002 0.7796875000000002 0.7781250000000002 0.7796875000000002 0.7781250000000002 0.8125 0.7937500000000002 0.8125
0 0.7265625 0.08750000000000009 0.7171875 0.08750000000000009 0.7171875 0.10312500000000009 0.7265625 0.10312500000000009
0 0.990625 0.0718750000000001 0.9796875 0.0718750000000001 0.9796875 0.09687500000000011 0.990625 0.09687500000000011
3 0.975 0.40156250000000016 0.93125 0.40156250000000016 0.93125 0.4812500000000002 0.975 0.4812500000000002
3 0.9078125 0.3515625000000001 0.8109375 0.3515625000000001 0.8109375 0.47656250000000017 0.9078125 0.47656250000000017
3 0.9765625 0.2750000000000001 0.9046875 0.2750000000000001 0.9046875 0.3890625000000001 0.9765625 0.3890625000000001