1 0.7245213224356049 0.8498575891071054 0.5317606401388748 0.1839570565996981 0.08705411512955874 0.31268789401144026 0.2798147974262886 0.9785884265188475
0 0.68125 0.4859375 0.6625 0.4859375 0.6625 0.5015625 0.68125 0.5015625
0 0.83125 0.4125000000000002 0.8125 0.4125000000000002 0.8125 0.4234375000000002 0.83125 0.4234375000000002
0 0.784375 0.47656250000000017 0.765625 0.47656250000000017 0.765625 0.48437500000000017 0.784375 0.48437500000000017
0 0.725 0.65625 0.70625 0.65625 0.70625 0.6640625 0.725 0.6640625
0 0.934375 0.5828125000000002 0.9125 0.5828125000000002 0.9125 0.6000000000000002 0.934375 0.6000000000000002
0 0.7234375000000002 0.809375 0.7109375000000002 0.809375 0.7109375000000002 0.8140625 0.7234375000000002 0.8140625
0 0.8421875 0.7953125000000002 0.8234375 0.7953125000000002 0.8234375 0.8046875 0.8421875 0.8046875
0 0.403125 0.68125 0.3671875000000001 0.68125 0.3671875000000001 0.6984375 0.403125 0.6984375
0 0.4453125 0.6484375 0.4078125 0.6484375 0.4078125 0.6609375 0.4453125 0.6609375
0 0.2750000000000001 0.5890625 0.2500000000000001 0.5890625 0.2500000000000001 0.6078125 0.2750000000000001 0.6078125
0 0.3593750000000001 0.446875 0.3375000000000001 0.446875 0.3375000000000001 0.4609375 0.3593750000000001 0.4609375
0 0.33281250000000007 0.459375 0.3109375000000001 0.459375 0.3109375000000001 0.48125 0.33281250000000007 0.48125