2 0.48828125 0.48014322968750023 0.4766601564675 0.4784830736962502 0.4617730058441668 0.58269314235125 0.4733940993766669 0.5843532983424999
0 0.4171875000000001 0.7140625 0.403125 0.7140625 0.40312500000000007 0.7390625 0.41718750000000016 0.7390625
0 0.753125 0.1375000000000001 0.7375 0.1375000000000001 0.7375 0.1531250000000001 0.753125 0.1531250000000001
3 0.646875 0.07812500000000008 0.59375 0.07812500000000007 0.59375 0.1625000000000001 0.646875 0.1625000000000001
3 0.7671875 0.07343750000000009 0.6734375 0.07343750000000009 0.6734375 0.1546875000000001 0.7671875 0.1546875000000001
3 0.09062500000000007 0.515625 0.003125000000000064 0.515625 0.003125000000000071 0.63125 0.09062500000000007 0.63125
3 0.09687500000000007 0.4671875 0.05312500000000007 0.4671875 0.05312500000000007 0.5234375 0.09687500000000007 0.5234375
3 0.1468750000000001 0.7703125 0.08593750000000008 0.7703125 0.0859375000000001 0.8578125 0.1468750000000001 0.8578125
3 0.1593750000000001 0.575 0.08125000000000007 0.575 0.08125000000000007 0.6578125 0.1593750000000001 0.6578125
3 0.21093750000000008 0.7875 0.15781250000000008 0.7875 0.15781250000000008 0.8703125 0.21093750000000008 0.8703125
3 0.2765625000000001 0.790625 0.2296875000000001 0.790625 0.2296875000000001 0.86875 0.2765625000000001 0.86875
3 0.3515625000000001 0.7875 0.2984375000000001 0.7875 0.2984375000000001 0.86875 0.3515625000000001 0.86875
3 0.51875 0.5234375 0.471875 0.5234375 0.471875 0.6 0.51875 0.6
3 0.671875 0.5859375 0.63125 0.5859375 0.63125 0.634375 0.671875 0.634375
3 0.7093750000000001 0.68125 0.6609375 0.68125 0.6609375000000001 0.74375 0.7093750000000002 0.74375
3 0.76875 0.6109375000000001 0.715625 0.6109375 0.715625 0.6796875000000001 0.76875 0.6796875000000002
3 0.7375000000000002 0.7312500000000001 0.7093750000000002 0.73125 0.7093750000000002 0.7796875000000001 0.7375000000000002 0.7796875000000002
3 0.7625 0.5109375000000002 0.734375 0.5109375000000002 0.734375 0.5640625000000001 0.7625 0.5640625000000001
3 0.6234375 0.24375000000000008 0.5796875 0.24375000000000008 0.5796875 0.3140625000000001 0.6234375 0.3140625000000001
3 0.4984375 0.2671875000000001 0.4515625 0.2671875000000001 0.4515625 0.3375000000000001 0.4984375 0.3375000000000001
3 0.1859375 0.07343750000000002 0.1453125 0.07343750000000002 0.1453125 0.14687500000000003 0.1859375 0.14687500000000003
3 0.828125 0.5562500000000001 0.7796875 0.5562500000000001 0.7796875 0.6562500000000002 0.828125 0.6562500000000002