3 0.19062500000000007 0.5296875 0.10000000000000005 0.5296875 0.10000000000000006 0.5875 0.1906250000000001 0.5875
3 0.17656250000000004 0.415625 0.10312500000000005 0.415625 0.10312500000000005 0.521875 0.17656250000000004 0.521875
3 0.5937500000000001 0.6921875 0.5140625 0.6921875 0.5140625000000001 0.7453125 0.5937500000000002 0.7453125
3 0.8859375 0.88125 0.7453125000000002 0.88125 0.7453125000000002 0.996875 0.8859375 0.996875
3 0.3187500000000001 0.5734375 0.2593750000000001 0.5734375 0.2593750000000001 0.6171875 0.3187500000000001 0.6171875
3 0.2156250000000001 0.6 0.1359375000000001 0.6 0.1359375000000001 0.6484375 0.2156250000000001 0.6484375
3 0.571875 0.3218750000000001 0.51875 0.3218750000000001 0.51875 0.3671875000000001 0.571875 0.3671875000000001
3 0.6984375 0.23593750000000008 0.6328125 0.23593750000000008 0.6328125 0.30937500000000007 0.6984375 0.30937500000000007
3 0.659375 0.3781250000000001 0.571875 0.3781250000000001 0.571875 0.44375 0.659375 0.44375
3 0.803125 0.3984375000000001 0.759375 0.3984375000000001 0.759375 0.42968750000000017 0.803125 0.42968750000000017
3 0.6046875 0.25468750000000007 0.5171875 0.25468750000000007 0.5171875 0.3140625000000001 0.6046875 0.3140625000000001
3 0.7578125 0.6156250000000001 0.6921875 0.615625 0.6921875 0.6687500000000001 0.7578125 0.6687500000000002
3 0.959375 0.10468750000000011 0.8796875 0.10468750000000009 0.8796875 0.1906250000000001 0.959375 0.19062500000000013
3 0.8203125 0.3390625000000001 0.778125 0.3390625000000001 0.778125 0.3703125000000001 0.8203125 0.3703125000000001
3 0.8203125 0.2906250000000001 0.7765625 0.2906250000000001 0.7765625 0.3218750000000001 0.8203125 0.3218750000000001
3 0.33281250000000007 0.6890625 0.2390625000000001 0.6890625 0.2390625000000001 0.7453125 0.33281250000000007 0.7453125
3 0.4500000000000002 0.7765625 0.4078125000000002 0.7765625 0.4078125000000002 0.8078125 0.4500000000000002 0.8078125
0 0.7062500000000002 0.80625 0.6875000000000002 0.80625 0.6875000000000002 0.8203125 0.7062500000000002 0.8203125
0 0.19531250000000006 0.4359375 0.16250000000000003 0.4359375 0.16250000000000003 0.4515625 0.19531250000000006 0.4515625