3 0.32812500000000006 0.2796875 0.2625 0.2796875 0.26250000000000007 0.39375 0.3281250000000001 0.39375
3 0.6734375 0.2687500000000001 0.6171875 0.2687500000000001 0.6171875 0.34062500000000007 0.6734375 0.34062500000000007
3 0.5234375 0.29375000000000007 0.4296875 0.29375000000000007 0.4296875 0.3656250000000001 0.5234375 0.3656250000000001
3 0.4859375 0.415625 0.3890625000000001 0.415625 0.3890625000000001 0.5046875 0.4859375 0.5046875
3 0.2921875000000001 0.4921875 0.20468750000000008 0.4921875 0.20468750000000008 0.5703125 0.2921875000000001 0.5703125
3 0.04375000000000007 0.5015625 6.142369101973443e-17 0.5015625 6.525071226706992e-17 0.5640625 0.04375000000000007 0.5640625
3 0.20312500000000008 0.7125 0.1312500000000001 0.7125 0.1312500000000001 0.7828125 0.20312500000000008 0.7828125
3 0.6140625 0.3281250000000001 0.55 0.3281250000000001 0.55 0.415625 0.6140625 0.415625
3 0.59375 0.565625 0.5359375 0.565625 0.5359375 0.6296875 0.59375 0.6296875
3 0.534375 0.2062500000000001 0.484375 0.2062500000000001 0.484375 0.28593750000000007 0.534375 0.28593750000000007
3 0.6125 0.17187500000000006 0.5328125 0.17187500000000006 0.5328125 0.26250000000000007 0.6125 0.26250000000000007
3 0.6875 0.1359375000000001 0.628125 0.1359375000000001 0.628125 0.20468750000000008 0.6875 0.20468750000000008
3 0.625 0.4578125 0.590625 0.4578125 0.590625 0.5265625 0.625 0.5265625
3 0.6375 0.4234375 0.6109375 0.4234375 0.6109375 0.465625 0.6375 0.465625
3 0.6640625 0.45 0.63125 0.45 0.63125 0.51875 0.6640625 0.51875
3 0.728125 0.3593750000000001 0.68125 0.3593750000000001 0.68125 0.4218750000000001 0.728125 0.42187500000000017
3 0.71875 0.22031250000000008 0.6859375 0.22031250000000008 0.6859375 0.2765625000000001 0.71875 0.2765625000000001
3 0.7953125 0.3140625000000001 0.746875 0.3140625000000001 0.746875 0.4031250000000002 0.7953125 0.4031250000000002
3 0.840625 0.1921875000000001 0.7921875 0.1921875000000001 0.7921875 0.2484375000000001 0.840625 0.2484375000000001
3 0.8296875 0.30937500000000007 0.8 0.30937500000000007 0.8 0.3656250000000001 0.8296875 0.3656250000000001
3 0.3781250000000001 0.4453125 0.29375000000000007 0.4453125 0.29375000000000007 0.553125 0.3781250000000001 0.553125