0 0.38750000000000007 0.6875 0.3687500000000001 0.6875 0.3687500000000001 0.709375 0.38750000000000007 0.709375
0 0.7375 0.1375000000000001 0.7203125 0.1375000000000001 0.7203125 0.15625000000000008 0.7375 0.15625000000000008
3 0.07968750000000005 0.4078125 0.028125000000000046 0.4078125 0.02812500000000005 0.4734375 0.07968750000000006 0.4734375
3 0.14843750000000006 0.5234375 0.05937500000000007 0.5234375 0.05937500000000007 0.5984375 0.14843750000000008 0.5984375
3 0.1140625000000001 0.7140625 0.06093750000000009 0.7140625 0.06093750000000009 0.7859375 0.1140625000000001 0.7859375
3 0.034375000000000086 0.68125 8.342906319191344e-17 0.68125 8.792581315753263e-17 0.7546875 0.034375000000000086 0.7546875
3 0.1828125000000001 0.7390625 0.1281250000000001 0.7390625 0.1281250000000001 0.8265625 0.1828125000000001 0.8265625
3 0.24218750000000008 0.7484375 0.19687500000000008 0.7484375 0.19687500000000008 0.821875 0.24218750000000008 0.821875
3 0.3031250000000001 0.753125 0.2640625000000001 0.753125 0.2640625000000001 0.828125 0.3031250000000001 0.828125
3 0.3890625000000001 0.74375 0.3187500000000001 0.74375 0.3187500000000001 0.8171875 0.3890625000000001 0.8171875
3 0.48125 0.2312500000000001 0.428125 0.2312500000000001 0.428125 0.3187500000000001 0.48125 0.3187500000000001
3 0.6109375 0.2406250000000001 0.5640625 0.2406250000000001 0.5640625 0.3062500000000001 0.6109375 0.3062500000000001
3 0.4453125 0.3265625000000001 0.3953125 0.3265625000000001 0.39531250000000007 0.3828125000000001 0.4453125 0.3828125000000001
3 0.49375 0.50625 0.43125 0.50625 0.43125 0.5875 0.49375 0.5875
3 0.734375 0.5140625000000001 0.7015625 0.5140625 0.7015625 0.5562500000000001 0.734375 0.5562500000000001
3 0.7328125 0.6046875 0.6828125 0.6046875 0.6828125 0.6828125 0.7328125 0.6828125000000002
3 0.6765625000000001 0.6765625 0.625 0.6765625 0.6250000000000001 0.73125 0.6765625000000002 0.73125
3 0.6984375000000002 0.7296875 0.6640625000000002 0.7296875 0.6640625000000002 0.778125 0.6984375000000002 0.778125
3 0.8078125 0.5625000000000002 0.7546875 0.5625000000000002 0.7546875 0.6546875000000002 0.8078125 0.6546875000000002
3 0.6375 0.584375 0.5921875 0.584375 0.5921875 0.6328125 0.6375 0.6328125
2 0.2699947762585361 0.9995786628339953 0.012668884534198389 0.4514096410866932 -0.013147651271875959 0.4635286460540951 0.24417824045246173 1.0116976678013974