3 0.5703125000000002 0.834375 0.3546875000000001 0.834375 0.3546875000000001 0.925 0.5703125000000002 0.925
3 0.5265625000000002 0.7640625 0.3234375000000001 0.7640625 0.3234375000000001 0.8421875 0.5265625000000002 0.8421875
3 0.3968750000000001 0.753125 0.29375000000000007 0.753125 0.29375000000000007 0.796875 0.3968750000000001 0.796875
3 0.4515625 0.13906250000000003 0.3140625 0.13906250000000003 0.3140625 0.23906250000000004 0.4515625 0.2390625000000001
3 0.334375 0.17656250000000004 0.2234375 0.17656250000000004 0.2234375 0.2421875 0.334375 0.2421875
3 0.371875 0.08281250000000004 0.265625 0.08281250000000002 0.265625 0.13906250000000003 0.371875 0.13906250000000003
0 0.50625 0.4953125 0.4734375 0.4953125 0.4734375 0.5171875 0.50625 0.5171875
0 0.6046875000000002 0.734375 0.5828125000000002 0.734375 0.5828125000000002 0.74375 0.6046875000000002 0.74375
0 0.7250000000000001 0.71875 0.7 0.71875 0.7000000000000001 0.734375 0.7250000000000002 0.734375
0 0.4734375 0.12187500000000004 0.4484375 0.12187500000000004 0.4484375 0.13437500000000005 0.4734375 0.13437500000000005
0 0.9421875 0.42500000000000016 0.8953125 0.42500000000000016 0.8953125 0.4437500000000002 0.9421875 0.4437500000000002
0 0.9265625 0.4125000000000002 0.8734375 0.4125000000000002 0.8734375 0.43750000000000017 0.9265625 0.43750000000000017