1 0.7492259668992217 0.16018527771934338 0.40680354002735575 0.030816206527016575 0.16420935781393692 0.6729301820924654 0.5066317846858028 0.8022992532847922
2 0.9732792297615692 0.9512149026030177 0.9699358734329675 0.9334693966195298 0.82040130922255 0.9616425764692795 0.8237446655511519 0.9793880824527674
0 0.8921875 0.6109375000000001 0.8625 0.6109375000000001 0.8625 0.6296875000000002 0.8921875 0.6296875000000002
0 0.903125 0.41406250000000017 0.88125 0.41406250000000017 0.88125 0.4234375000000002 0.903125 0.4234375000000002
0 0.8140625 0.4468750000000002 0.7984375 0.4468750000000002 0.7984375 0.4593750000000002 0.8140625 0.4593750000000002
0 0.715625 0.4109375 0.7 0.4109375 0.7 0.41875 0.715625 0.41875
0 0.6453125 0.58125 0.6125 0.58125 0.6125 0.596875 0.6453125 0.596875
0 0.5406250000000001 0.7265625 0.5109375000000002 0.7265625 0.5109375000000002 0.7453125 0.5406250000000001 0.7453125
0 0.31718750000000007 0.453125 0.2953125000000001 0.453125 0.2953125000000001 0.471875 0.31718750000000007 0.471875
0 0.3781250000000001 0.4421875 0.3625000000000001 0.4421875 0.3625000000000001 0.45625 0.3781250000000001 0.45625
0 0.2328125 0.050000000000000024 0.2046875 0.050000000000000024 0.2046875 0.06562500000000002 0.2328125 0.06562500000000002
0 0.3859375 0.012500000000000048 0.3609375 0.012500000000000044 0.3609375 0.028125000000000046 0.3859375 0.028125000000000046
0 0.9234375 0.8046875 0.89375 0.8046875 0.89375 0.8171875 0.9234375 0.8171875