0 0.3125000000000001 0.36875 0.2906250000000001 0.36875 0.2906250000000001 0.3875 0.3125000000000001 0.3875
0 0.8625 0.7203125000000001 0.84375 0.7203125000000001 0.84375 0.7375000000000002 0.8625 0.7375000000000002
3 0.5921875 0.02968750000000007 0.5265625 0.029687500000000068 0.5265625 0.07968750000000006 0.5921875 0.07968750000000006
3 0.478125 0.05937500000000005 0.403125 0.059375000000000046 0.403125 0.15000000000000005 0.478125 0.15000000000000005
3 0.2859375 0.06093750000000003 0.2140625 0.06093750000000002 0.2140625 0.11406250000000004 0.2859375 0.11406250000000004
3 0.3203125 3.473021781956947e-17 0.246875 3.023346785395028e-17 0.246875 0.03437500000000004 0.3203125 0.034375000000000044
3 0.2609375 0.12812500000000002 0.1734375 0.128125 0.17343750000000002 0.184375 0.2609375 0.18437500000000004
3 0.2515625 0.19687500000000002 0.17812500000000003 0.196875 0.17812500000000003 0.2421875 0.2515625 0.2421875
3 0.246875 0.2640625 0.17187500000000006 0.2640625 0.17187500000000006 0.3046875 0.246875 0.3046875
3 0.25625000000000003 0.3203125 0.18281250000000004 0.3203125 0.18281250000000004 0.3890625 0.2562500000000001 0.3890625
3 0.76875 0.4281250000000001 0.68125 0.428125 0.68125 0.48125000000000007 0.76875 0.4812500000000002
3 0.759375 0.5640625000000001 0.69375 0.5640625 0.69375 0.6109375000000001 0.759375 0.6109375000000001
3 0.6734375 0.39531250000000007 0.6171875 0.39531250000000007 0.6171875 0.4453125 0.6734375 0.4453125
3 0.49375 0.43125 0.4125 0.43125 0.4125 0.49375 0.49375 0.49375
3 0.4859375000000001 0.7015625 0.44375 0.7015625 0.4437500000000001 0.734375 0.4859375000000002 0.734375
3 0.3968750000000001 0.6828125 0.3187500000000001 0.6828125 0.3187500000000001 0.7328125 0.3968750000000001 0.7328125
3 0.3234375000000001 0.6265625 0.27031250000000007 0.6265625 0.27031250000000007 0.6765625 0.3234375000000001 0.6765625
3 0.27031250000000007 0.6640625 0.2218750000000001 0.6640625 0.2218750000000001 0.6984375 0.27031250000000007 0.6984375
3 0.43750000000000017 0.7546875 0.3468750000000001 0.7546875 0.3468750000000001 0.8078125 0.43750000000000017 0.8078125
3 0.415625 0.59375 0.3671875000000001 0.59375 0.3671875000000001 0.6375 0.415625 0.6375
2 0.5485903589133068 0.0126688845341985 0.536471353945905 -0.013147651271875959 -0.011697667801397338 0.2441782404524616 0.00042133716600456506 0.2699947762585361