0 0.6546875 0.453125 0.634375 0.453125 0.634375 0.484375 0.6546875 0.484375
0 0.5109375 0.2984375000000001 0.4890625 0.2984375000000001 0.4890625 0.3203125000000001 0.5109375 0.3203125000000001
0 0.565625 0.20468750000000008 0.54375 0.20468750000000008 0.54375 0.2484375000000001 0.565625 0.2484375000000001
0 0.553125 0.11093750000000006 0.534375 0.11093750000000005 0.534375 0.14062500000000006 0.553125 0.14062500000000008
0 0.7375 0.2171875000000001 0.71875 0.2171875000000001 0.71875 0.2562500000000001 0.7375 0.2562500000000001
0 0.9265625 0.28593750000000007 0.9078125 0.28593750000000007 0.9078125 0.3265625000000001 0.9265625 0.3265625000000001
0 0.4640625000000001 0.715625 0.45 0.715625 0.45000000000000007 0.73125 0.46406250000000016 0.73125
0 0.2796875000000001 0.503125 0.2640625000000001 0.503125 0.2640625000000001 0.528125 0.2796875000000001 0.528125
0 0.06250000000000007 0.59375 0.050000000000000065 0.59375 0.050000000000000065 0.628125 0.06250000000000007 0.628125
0 0.06250000000000006 0.434375 0.045312500000000054 0.434375 0.045312500000000054 0.4640625 0.06250000000000007 0.4640625
1 0.8262725929189351 0.7014585040140352 0.29165193055910116 0.11370783844632268 -0.026138308818651847 0.4027712767727082 0.5084823535411822 0.9905219423404208