0 0.878125 0.3578125000000001 0.8625 0.3578125000000001 0.8625 0.3828125000000001 0.878125 0.3828125000000001
0 0.725 0.2453125000000001 0.715625 0.2453125000000001 0.715625 0.2640625000000001 0.725 0.2640625000000001
0 0.6515625 0.28593750000000007 0.640625 0.28593750000000007 0.640625 0.30156250000000007 0.6515625 0.30156250000000007
0 0.7375 0.51875 0.7234375 0.51875 0.7234375 0.5437500000000001 0.7375 0.5437500000000002
0 0.5171875 0.575 0.503125 0.575 0.503125 0.59375 0.5171875 0.59375
0 0.5 0.634375 0.4796875 0.634375 0.4796875 0.6578125 0.5 0.6578125
0 0.3765625000000001 0.865625 0.3546875000000001 0.865625 0.3546875000000001 0.9046875 0.3765625000000001 0.9046875
0 0.0984375000000001 0.7328125 0.08750000000000009 0.7328125 0.08750000000000009 0.753125 0.0984375000000001 0.753125
0 0.17656250000000004 0.2890625 0.16250000000000003 0.2890625 0.16250000000000003 0.3109375 0.17656250000000004 0.3109375
0 0.02812500000000004 0.296875 0.014062500000000039 0.296875 0.014062500000000039 0.3203125 0.028125000000000046 0.3203125
0 0.3890625 0.3390625000000001 0.38125 0.3390625000000001 0.38125 0.3531250000000001 0.3890625 0.3531250000000001
1 0.8171631346111209 0.8363988080013627 0.4847309995336576 -0.0019570444199905833 0.17205133524227226 0.12202940846332222 0.5044834703197354 0.9603852608846755