0 0.5484375 0.634375 0.5171875 0.634375 0.5171875 0.6546875 0.5484375 0.6546875
0 0.7015625 0.4890625 0.6796875 0.4890625 0.6796875 0.5109375 0.7015625 0.5109375
0 0.796875 0.5437500000000002 0.753125 0.5437500000000002 0.753125 0.5656250000000002 0.796875 0.5656250000000002
0 0.890625 0.5343750000000002 0.8609375 0.5343750000000002 0.8609375 0.5531250000000002 0.890625 0.5531250000000002
0 0.784375 0.7187500000000002 0.7453125 0.7187500000000002 0.7453125 0.7375000000000002 0.7843750000000002 0.7375000000000002
0 0.7156250000000002 0.9078125 0.6750000000000002 0.9078125 0.6750000000000002 0.9265625 0.7156250000000002 0.9265625
0 0.28593750000000007 0.45 0.27031250000000007 0.45 0.27031250000000007 0.4640625 0.28593750000000007 0.4640625
0 0.496875 0.2640625000000001 0.471875 0.2640625000000001 0.471875 0.2796875000000001 0.496875 0.2796875000000001
0 0.40625 0.050000000000000044 0.371875 0.050000000000000044 0.371875 0.06250000000000004 0.40625 0.06250000000000004
0 0.565625 0.04531250000000007 0.5359375 0.04531250000000007 0.5359375 0.06250000000000007 0.565625 0.06250000000000007
1 0.8862921615536774 0.2916519305591013 0.5972287232272919 -0.026138308818651847 0.00947805765957943 0.5084823535411822 0.298541495985965 0.8262725929189353