3 0.8828125 0.90625 0.8234375 0.90625 0.8234375 0.990625 0.8828125 0.990625
3 0.690625 0.3656250000000001 0.6453125 0.3656250000000001 0.6453125 0.4375 0.690625 0.4375
3 0.609375 0.5375 0.5421875 0.5375 0.5421875 0.6546875 0.609375 0.6546875
3 0.5312500000000002 0.74375 0.49218750000000017 0.74375 0.49218750000000017 0.81875 0.5312500000000002 0.81875
3 0.07343750000000011 0.8640625 0.034375000000000114 0.8640625 0.034375000000000114 0.9515625 0.07343750000000011 0.9515625
3 0.1515625000000001 0.7984375 0.11093750000000009 0.7984375 0.11093750000000009 0.8796875 0.1515625000000001 0.8796875
3 0.4531250000000001 0.6390625 0.3921875000000001 0.6390625 0.3921875000000001 0.7265625 0.45312500000000017 0.7265625
3 0.5640625 0.4375 0.503125 0.4375 0.503125 0.5484375 0.5640625 0.5484375
3 0.63125 0.19687500000000008 0.5703125 0.19687500000000008 0.5703125 0.3109375000000001 0.63125 0.3109375000000001
3 0.4234375 0.515625 0.36406250000000007 0.515625 0.36406250000000007 0.596875 0.4234375 0.596875
3 0.17656250000000007 0.515625 0.11250000000000004 0.515625 0.11250000000000007 0.6359375 0.1765625000000001 0.6359375
3 0.559375 0.014062500000000065 0.49375 0.014062500000000061 0.49375 0.15156250000000007 0.559375 0.1515625000000001
3 0.6234375000000001 0.6484375 0.55625 0.6484375 0.5562500000000001 0.765625 0.6234375000000002 0.765625
3 0.5328125 0.5515625 0.4421875 0.5515625 0.4421875 0.7234375 0.5328125 0.7234375
0 0.446875 0.006250000000000052 0.41875 0.00625000000000005 0.41875 0.059375000000000046 0.446875 0.059375000000000046