3 0.3234375000000001 0.628125 0.2875000000000001 0.628125 0.2875000000000001 0.678125 0.3234375000000001 0.678125
3 0.31875 0.10312500000000005 0.2765625 0.10312500000000005 0.2765625 0.17656250000000004 0.31875 0.17656250000000004
3 0.06093750000000005 0.284375 0.012500000000000034 0.284375 0.012500000000000039 0.3671875 0.06093750000000005 0.3671875
3 0.234375 0.2484375 0.19375000000000003 0.2484375 0.19375000000000003 0.3359375 0.234375 0.3359375
3 0.18906250000000002 0.15000000000000002 0.1328125 0.15 0.13281250000000003 0.2296875 0.18906250000000005 0.2296875
3 0.440625 0.27812500000000007 0.40625 0.27812500000000007 0.40625 0.3531250000000001 0.440625 0.3531250000000001
3 0.4328125 0.3515625000000001 0.3796875 0.3515625000000001 0.37968750000000007 0.425 0.4328125 0.425
3 0.44375 0.43125 0.3859375000000001 0.43125 0.3859375000000001 0.54375 0.44375 0.54375
3 0.559375 0.5015625 0.5203125 0.5015625 0.5203125 0.55625 0.559375 0.55625
3 0.6015625000000001 0.6828125 0.5703125 0.6828125 0.5703125000000001 0.7359375 0.6015625000000002 0.7359375
3 0.415625 0.6078125 0.3656250000000001 0.6078125 0.3656250000000001 0.6796875 0.415625 0.6796875
3 0.840625 0.5671875000000002 0.8109375 0.5671875000000002 0.8109375 0.6187500000000001 0.840625 0.6187500000000001
3 0.8109375 0.6718750000000002 0.76875 0.6718750000000002 0.76875 0.7531250000000002 0.8109375 0.7531250000000002
3 0.8765625 0.6203125000000002 0.8234375 0.6203125000000002 0.8234375 0.6984375000000002 0.8765625 0.6984375000000002
3 0.903125 0.7296875000000002 0.8390625 0.7296875000000002 0.8390625 0.83125 0.903125 0.83125
3 0.9125 0.5937500000000002 0.8796875 0.5937500000000002 0.8796875 0.6609375000000002 0.9125 0.6609375000000002
3 0.9421875 0.5890625000000002 0.9234375 0.5890625000000002 0.9234375 0.6359375000000002 0.9421875 0.6359375000000002
3 0.9625 0.6515625000000002 0.934375 0.6515625000000002 0.934375 0.6906250000000002 0.9625 0.6906250000000002
3 0.9359375 0.7140625000000002 0.9015625 0.7140625000000002 0.9015625 0.7828125000000001 0.9359375 0.7828125000000001
3 0.9859375 0.7015625000000002 0.9609375 0.7015625000000002 0.9609375 0.7453125000000002 0.9859375 0.7453125000000002
3 0.9890625 0.7515625000000001 0.946875 0.7515625000000001 0.946875 0.81875 0.9890625 0.81875
3 0.90625 0.5421875000000002 0.8609375 0.5421875000000002 0.8609375 0.5953125000000001 0.90625 0.5953125000000001
3 0.5828125 0.01250000000000007 0.54375 0.012500000000000067 0.54375 0.07500000000000007 0.5828125 0.07500000000000007
3 0.5359375 0.16250000000000003 0.475 0.16250000000000003 0.475 0.2468750000000001 0.5359375 0.2468750000000001
0 0.12031250000000009 0.625 0.1062500000000001 0.625 0.1062500000000001 0.65 0.12031250000000009 0.65
0 0.1828125000000001 0.5953125 0.17187500000000008 0.5953125 0.17187500000000008 0.6109375 0.1828125000000001 0.6109375