3 0.528125 0.5125 0.3656250000000001 0.5125 0.3656250000000001 0.6015625 0.528125 0.6015625
3 0.6875000000000002 0.753125 0.6093750000000002 0.753125 0.6093750000000002 0.7953125 0.6875000000000002 0.7953125
3 0.2234375 0.2859375 0.15468750000000003 0.2859375 0.15468750000000003 0.3328125 0.2234375 0.3328125
3 0.5671875 0.4578125 0.4546875 0.4578125 0.4546875 0.5171875 0.5671875 0.5171875
3 0.503125 0.6015625 0.434375 0.6015625 0.434375 0.6484375 0.503125 0.6484375
3 0.5078125 0.3812500000000001 0.428125 0.3812500000000001 0.428125 0.4375 0.5078125 0.4375
3 0.3828125 0.2984375 0.3125 0.2984375 0.3125 0.35468750000000004 0.3828125 0.3546875000000001
0 0.7828125 0.2640625000000001 0.7609375 0.2640625000000001 0.7609375 0.2765625000000001 0.7828125 0.2765625000000001
0 0.2515625000000001 0.453125 0.22656250000000008 0.453125 0.22656250000000008 0.465625 0.2515625000000001 0.465625
0 0.10468750000000004 0.5046875 0.08281250000000007 0.5046875 0.08281250000000007 0.5203125 0.10468750000000004 0.5203125
3 0.12031250000000004 0.409375 0.02343750000000005 0.409375 0.023437500000000052 0.4703125 0.12031250000000004 0.4703125
0 0.5703125000000002 0.7453125 0.5406250000000001 0.7453125 0.5406250000000001 0.7640625 0.5703125000000002 0.7640625
0 0.6250000000000002 0.96875 0.6093750000000002 0.96875 0.6093750000000002 0.9828125 0.6250000000000002 0.9828125
0 0.6078125000000002 0.9171875 0.5765625000000002 0.9171875 0.5765625000000002 0.9375 0.6078125000000002 0.9375
0 0.20312500000000008 0.715625 0.18125000000000008 0.715625 0.18125000000000008 0.7296875 0.20312500000000008 0.7296875
0 0.4234375000000002 0.7515625 0.4078125000000002 0.7515625 0.4078125000000002 0.7671875 0.4234375000000002 0.7671875
0 0.4437500000000002 0.7515625 0.4312500000000002 0.7515625 0.4312500000000002 0.7671875 0.4437500000000002 0.7671875
0 0.45000000000000007 0.715625 0.434375 0.715625 0.43437500000000007 0.728125 0.4500000000000002 0.728125