0 0.540625 0.4953125 0.5109375 0.4953125 0.5109375 0.5171875 0.540625 0.5171875
0 0.575 0.2531250000000001 0.5390625 0.2531250000000001 0.5390625 0.2750000000000001 0.575 0.2750000000000001
0 0.66875 0.29375000000000007 0.6375 0.29375000000000007 0.6375 0.30937500000000007 0.66875 0.30937500000000007
0 0.9140625 0.2734375000000001 0.8921875 0.2734375000000001 0.8921875 0.2875000000000001 0.9140625 0.2875000000000001
0 0.17500000000000004 0.378125 0.11875000000000005 0.378125 0.11875000000000005 0.41875 0.17500000000000004 0.41875
0 0.22031250000000008 0.778125 0.18750000000000008 0.778125 0.18750000000000008 0.79375 0.22031250000000008 0.79375
0 0.9140625 0.7171875000000002 0.8984375 0.7171875000000002 0.8984375 0.7265625000000002 0.9140625 0.7265625000000002
0 0.928125 0.9796875 0.903125 0.9796875 0.903125 0.990625 0.928125 0.990625
3 0.6000000000000002 0.93125 0.5203125000000002 0.93125 0.5203125000000002 0.9765625 0.6000000000000002 0.9765625
3 0.6484375000000002 0.809375 0.5234375000000002 0.809375 0.5234375000000002 0.9078125 0.6484375000000002 0.9078125
3 0.7250000000000002 0.9046875 0.6109375000000001 0.9046875 0.6109375000000001 0.9765625 0.7250000000000002 0.9765625