3 0.5390625 0.11093750000000005 0.475 0.11093750000000005 0.475 0.2140625000000001 0.5390625 0.2140625000000001
3 0.490625 0.19218750000000004 0.425 0.19218750000000004 0.425 0.3140625000000001 0.490625 0.3140625000000001
3 0.475 0.04687500000000005 0.3703125 0.04687500000000004 0.3703125 0.17812500000000003 0.475 0.17812500000000003
3 0.421875 0.10000000000000005 0.3578125 0.10000000000000005 0.3578125 0.20781250000000004 0.421875 0.2078125000000001
3 0.35 0.11562500000000005 0.278125 0.11562500000000005 0.278125 0.209375 0.35 0.209375
3 0.4015625 0.16562500000000005 0.2734375 0.16562500000000005 0.2734375 0.30312500000000003 0.4015625 0.3031250000000001
3 0.4953125 0.24375000000000005 0.3578125 0.24375 0.35781250000000003 0.39687500000000003 0.4953125 0.3968750000000001
2 0.8060210357202326 0.5065521462862421 0.5461731477767218 0.4086384505850834 0.530733708931489 0.44961234648634135 0.7905815968749998 0.5475260421875001
2 0.6536075374080884 0.4552313113051472 0.0006510421875000283 0.2919921875 -0.007774203033088211 0.32569316838235296 0.6451822921875001 0.4889322921875001
0 0.3671875000000001 0.571875 0.3531250000000001 0.571875 0.3531250000000001 0.6015625 0.3671875000000001 0.6015625
0 0.3750000000000001 0.6390625 0.3609375000000001 0.6390625 0.3609375000000001 0.6640625 0.3750000000000001 0.6640625
0 0.8234375 0.89375 0.809375 0.89375 0.809375 0.91875 0.8234375 0.91875