0 0.69375 0.3296875000000001 0.6765625 0.3296875000000001 0.6765625 0.3671875000000001 0.69375 0.3671875000000001
0 0.759375 0.2078125000000001 0.746875 0.2078125000000001 0.746875 0.22656250000000008 0.759375 0.22656250000000008
0 0.6125 0.02656250000000008 0.5953125 0.02656250000000008 0.5953125 0.056250000000000064 0.6125 0.056250000000000064
0 0.5421875 0.5125 0.5234375 0.5125 0.5234375 0.5421875 0.5421875 0.5421875
0 0.5109375 0.5671875 0.4953125 0.5671875 0.4953125 0.5890625 0.5109375 0.5890625
0 0.3000000000000001 0.546875 0.2828125000000001 0.546875 0.2828125000000001 0.565625 0.3000000000000001 0.565625
0 0.3421875000000001 0.8 0.3312500000000001 0.8 0.3312500000000001 0.81875 0.3421875000000001 0.81875
0 0.2640625000000001 0.8078125 0.2531250000000001 0.8078125 0.2531250000000001 0.8296875 0.2640625000000001 0.8296875
0 0.1437500000000001 0.646875 0.12500000000000008 0.646875 0.12500000000000008 0.671875 0.1437500000000001 0.671875
0 0.023437500000000056 0.43125 0.006250000000000052 0.43125 0.006250000000000054 0.45625 0.023437500000000056 0.45625
0 0.2796875 0.3125 0.26875 0.3125 0.26875 0.334375 0.2796875 0.334375
0 0.5968750000000002 0.828125 0.5812500000000002 0.828125 0.5812500000000002 0.85 0.5968750000000002 0.85
0 0.7921875000000002 0.9390625 0.7796875000000002 0.9390625 0.7796875000000002 0.9546875 0.7921875000000002 0.9546875
0 0.9390625 0.975 0.9078125 0.975 0.9078125 1 0.9390625 1
0 0.9265625 0.5531250000000002 0.90625 0.5531250000000002 0.90625 0.5781250000000002 0.9265625 0.5781250000000002
1 0.7173019600664794 0.9621502819869538 0.5136238679968477 0.1813842406610362 0.21410053014270866 0.2595207614052737 0.4177786222123404 1.0402868027311913
3 0.49375 0.19218750000000004 0.3953125 0.19218750000000004 0.3953125 0.3265625000000001 0.49375 0.3265625000000001
3 0.46875 0.060937500000000054 0.3625 0.06093750000000005 0.3625 0.18906250000000005 0.46875 0.18906250000000005
3 0.384375 0.30625 0.3140625 0.30625 0.3140625 0.446875 0.3843750000000001 0.446875
3 0.3765625 0.06406250000000005 0.28125 0.06406250000000005 0.28125 0.22812500000000005 0.3765625 0.22812500000000008
3 0.3078125 0.13593750000000004 0.2109375 0.13593750000000004 0.2109375 0.3078125 0.3078125 0.3078125