2 0.5843532983424999 0.5266059006233332 0.4801432296875001 0.51171875 0.4784830736962501 0.5233398435325001 0.58269314235125 0.5382269941558333
0 0.7390625 0.5843750000000001 0.7140625 0.584375 0.7140625 0.5984375000000001 0.7390625 0.5984375000000002
0 0.15312500000000004 0.246875 0.13750000000000004 0.246875 0.13750000000000004 0.2625 0.15312500000000004 0.2625
3 0.16250000000000003 0.353125 0.07812500000000004 0.353125 0.07812500000000004 0.40625 0.16250000000000003 0.40625
3 0.15468750000000003 0.2328125 0.07343750000000002 0.2328125 0.07343750000000003 0.3265625 0.15468750000000003 0.3265625
3 0.6312500000000002 0.9109375 0.5156250000000002 0.9109375 0.5156250000000002 0.9984375 0.6312500000000002 0.9984375
3 0.5234375000000002 0.9046875 0.4671875000000002 0.9046875 0.4671875000000002 0.9484375 0.5234375000000002 0.9484375
3 0.8578125 0.853125 0.7703125000000002 0.853125 0.7703125000000002 0.9140625 0.8578125 0.9140625
3 0.6578125000000001 0.8421875 0.5750000000000002 0.8421875 0.5750000000000002 0.9203125 0.6578125000000001 0.9203125
3 0.8703125 0.7890625000000002 0.7875000000000002 0.7890625000000002 0.7875000000000002 0.8421875 0.8703125 0.8421875
3 0.86875 0.7234375000000002 0.790625 0.7234375000000002 0.7906250000000001 0.7718750000000002 0.86875 0.7718750000000002
3 0.86875 0.6484375000000002 0.7875 0.6484375000000002 0.7875 0.7015625000000002 0.86875 0.7015625000000002
3 0.6 0.48125 0.5234375 0.48125 0.5234375 0.528125 0.6 0.528125
3 0.634375 0.3296875000000001 0.5859375 0.3296875000000001 0.5859375 0.3703125000000001 0.634375 0.3703125000000001
3 0.74375 0.2906250000000001 0.68125 0.2906250000000001 0.68125 0.3390625000000001 0.74375 0.3390625000000001
3 0.6796875 0.2328125000000001 0.6109375 0.2328125000000001 0.6109375 0.28593750000000007 0.6796875 0.28593750000000007
3 0.7796875 0.2640625000000001 0.73125 0.2640625000000001 0.73125 0.2921875000000001 0.7796875 0.2921875000000001
3 0.5640625 0.2375000000000001 0.5109375 0.2375000000000001 0.5109375 0.2656250000000001 0.5640625 0.2656250000000001
3 0.3140625000000001 0.3765625 0.24375000000000008 0.3765625 0.24375000000000008 0.4203125 0.3140625000000001 0.4203125
3 0.3375000000000001 0.5015625 0.2671875000000001 0.5015625 0.2671875000000001 0.5484375 0.3375000000000001 0.5484375
3 0.1468750000000001 0.815625 0.07343750000000009 0.815625 0.0734375000000001 0.85625 0.1468750000000001 0.85625
3 0.65625 0.17343750000000008 0.55625 0.17343750000000008 0.55625 0.2218750000000001 0.65625 0.2218750000000001