3 0.4703125 0.10000000000000005 0.4125 0.10000000000000005 0.4125 0.19062500000000004 0.4703125 0.19062500000000004
3 0.5859375 0.10312500000000006 0.4796875 0.10312500000000005 0.4796875 0.17656250000000007 0.5859375 0.1765625000000001
3 0.3078125000000001 0.5140625 0.25468750000000007 0.5140625 0.25468750000000007 0.59375 0.3078125000000001 0.59375
3 0.12031250000000009 0.7453125 0.004687500000000092 0.7453125 0.0046875000000001 0.8859375 0.12031250000000009 0.8859375
3 0.428125 0.2593750000000001 0.384375 0.2593750000000001 0.384375 0.3187500000000001 0.428125 0.3187500000000001
3 0.4 0.13593750000000004 0.353125 0.13593750000000004 0.353125 0.21562500000000004 0.4 0.2156250000000001
3 0.678125 0.51875 0.6328125 0.51875 0.6328125 0.571875 0.678125 0.571875
3 0.765625 0.6328125000000001 0.6921875 0.6328125 0.6921875 0.6984375 0.765625 0.6984375000000002
3 0.621875 0.571875 0.55625 0.571875 0.55625 0.659375 0.621875 0.659375
3 0.6031250000000001 0.759375 0.5718750000000001 0.759375 0.5718750000000001 0.803125 0.6031250000000001 0.803125
3 0.746875 0.5171875000000001 0.6875 0.5171875 0.6875 0.6046875 0.746875 0.6046875000000002
3 0.3859375000000001 0.6921875 0.33281250000000007 0.6921875 0.33281250000000007 0.7578125 0.3859375000000001 0.7578125
3 0.896875 0.8796875 0.8109375 0.8796875 0.8109375 0.959375 0.896875 0.959375
3 0.6609375000000002 0.778125 0.6296875000000002 0.778125 0.6296875000000002 0.8203125 0.6609375000000002 0.8203125
3 0.7109375000000002 0.7765625 0.6796875000000002 0.7765625 0.6796875000000002 0.8203125 0.7109375000000002 0.8203125
3 0.3109375 0.2390625 0.2546875 0.2390625 0.2546875 0.3328125 0.3109375 0.3328125
3 0.2234375000000001 0.4078125 0.19218750000000004 0.4078125 0.19218750000000004 0.45 0.2234375000000001 0.45
0 0.19531250000000008 0.6875 0.18125000000000008 0.6875 0.18125000000000008 0.70625 0.19531250000000008 0.70625
0 0.5640625 0.1625000000000001 0.5484375 0.1625000000000001 0.5484375 0.19531250000000008 0.5640625 0.19531250000000008