0 0.6421875000000001 0.8625 0.6171875000000002 0.8625 0.6171875000000002 0.878125 0.6421875000000001 0.878125
0 0.7546875 0.7156250000000002 0.7359375 0.7156250000000002 0.7359375 0.7250000000000002 0.7546875 0.7250000000000002
0 0.7140625 0.640625 0.6984375 0.640625 0.6984375 0.6515625 0.7140625 0.6515625
0 0.48125000000000007 0.7234375 0.45625 0.7234375 0.4562500000000001 0.7375 0.4812500000000002 0.7375
0 0.425 0.5046875 0.40625 0.5046875 0.40625 0.5171875 0.425 0.5171875
0 0.3656250000000001 0.4796875 0.3437500000000001 0.4796875 0.3437500000000001 0.5 0.3656250000000001 0.5
0 0.13437500000000005 0.3546875 0.09531250000000005 0.3546875 0.09531250000000005 0.3765625 0.13437500000000005 0.3765625
0 0.26875 0.08750000000000002 0.246875 0.08750000000000002 0.246875 0.10000000000000005 0.26875 0.10000000000000005
0 0.7109375 0.1625000000000001 0.6890625 0.1625000000000001 0.6890625 0.1765625000000001 0.7109375 0.1765625000000001
0 0.7046875 0.014062500000000085 0.6796875 0.014062500000000084 0.6796875 0.028125000000000084 0.7046875 0.028125000000000087
0 0.6625 0.3812500000000001 0.646875 0.3812500000000001 0.646875 0.3890625000000001 0.6625 0.3890625000000001
1 1.0019570444199908 0.4847309995336576 0.8779705915366778 0.17205133524227226 0.03961473911532456 0.5044834703197356 0.16360119199863746 0.817163134611121