3 0.16562500000000008 0.353125 0.07656250000000005 0.353125 0.07656250000000006 0.5703125 0.16562500000000008 0.5703125
3 0.23750000000000004 0.3234375 0.15937500000000004 0.3234375 0.15937500000000004 0.5265625 0.2375000000000001 0.5265625
3 0.24687500000000004 0.29375 0.203125 0.29375 0.20312500000000006 0.3953125 0.2468750000000001 0.3953125
3 0.8625 0.3125000000000001 0.7625 0.3125000000000001 0.7625 0.4515625000000002 0.8625 0.4515625000000002
3 0.8234375 0.2234375000000001 0.7578125 0.2234375000000001 0.7578125 0.3343750000000001 0.8234375 0.3343750000000001
3 0.9171875 0.2656250000000001 0.8609375 0.2656250000000001 0.8609375 0.3703125000000001 0.9171875 0.3703125000000001
0 0.5046875 0.4734375 0.4828125 0.4734375 0.4828125 0.50625 0.5046875 0.50625
0 0.2656250000000001 0.5828125 0.2562500000000001 0.5828125 0.2562500000000001 0.6046875 0.2656250000000001 0.6046875
0 0.2812500000000001 0.7 0.2656250000000001 0.7 0.2656250000000001 0.725 0.2812500000000001 0.725
0 0.878125 0.44843750000000016 0.8671875 0.44843750000000016 0.8671875 0.47187500000000016 0.878125 0.47187500000000016
0 0.5750000000000002 0.8953125 0.5562500000000001 0.8953125 0.5562500000000001 0.9421875 0.5750000000000002 0.9421875
0 0.5875000000000001 0.8734375 0.5625000000000002 0.8734375 0.5625000000000002 0.9265625 0.5875000000000001 0.9265625