0 0.3828125 0.12187500000000004 0.3578125 0.12187500000000004 0.3578125 0.13750000000000004 0.3828125 0.13750000000000004
0 0.2640625 0.275 0.2453125 0.275 0.2453125 0.284375 0.2640625 0.284375
0 0.3015625 0.35 0.2859375 0.35 0.2859375 0.3609375 0.3015625 0.3609375
0 0.54375 0.26250000000000007 0.51875 0.26250000000000007 0.51875 0.2765625000000001 0.54375 0.2765625000000001
0 0.59375 0.484375 0.575 0.484375 0.575 0.496875 0.59375 0.496875
0 0.6578125 0.5015625 0.6359375 0.5015625 0.6359375 0.521875 0.6578125 0.521875
0 0.9046875 0.6234375000000002 0.865625 0.6234375000000002 0.865625 0.6453125000000002 0.9046875 0.6453125000000002
0 0.7546875000000002 0.9015625 0.7328125000000002 0.9015625 0.7328125000000002 0.9140625 0.7546875000000002 0.9140625
0 0.3109375000000001 0.8234375 0.2890625000000001 0.8234375 0.2890625000000001 0.8375 0.3109375000000001 0.8375
0 0.3218750000000001 0.9734375 0.2968750000000001 0.9734375 0.2968750000000001 0.9875 0.3218750000000001 0.9875
0 0.3546875000000001 0.6125 0.3390625000000001 0.6125 0.3390625000000001 0.6203125 0.3546875000000001 0.6203125
1 0.9542175743696403 0.42660641767954244 0.7857846095102625 0.10747027104799582 -0.0026534207062149486 0.5235903390469675 0.1657795441531628 0.8427264856785142