0 0.3234375000000001 0.6328125 0.3062500000000001 0.6328125 0.3062500000000001 0.6703125 0.3234375000000001 0.6703125
0 0.25468750000000007 0.7734375 0.24218750000000008 0.7734375 0.24218750000000008 0.7921875 0.25468750000000007 0.7921875
0 0.40625000000000017 0.94375 0.3890625000000001 0.94375 0.3890625000000001 0.9734375 0.40625000000000017 0.9734375
0 0.478125 0.459375 0.459375 0.459375 0.459375 0.4890625 0.478125 0.4890625
0 0.50625 0.4125 0.490625 0.4125 0.490625 0.434375 0.50625 0.434375
0 0.71875 0.4359375 0.7015625 0.4359375 0.7015625 0.4546875 0.71875 0.4546875
0 0.6703125 0.1828125000000001 0.659375 0.1828125000000001 0.659375 0.2015625000000001 0.6703125 0.2015625000000001
0 0.746875 0.17187500000000008 0.7359375 0.17187500000000008 0.7359375 0.1937500000000001 0.746875 0.1937500000000001
0 0.875 0.3281250000000001 0.85625 0.3281250000000001 0.85625 0.3531250000000001 0.875 0.3531250000000001
0 0.9953125 0.5437500000000002 0.978125 0.5437500000000002 0.978125 0.5687500000000002 0.9953125 0.5687500000000002
0 0.73125 0.6656250000000001 0.7203125 0.665625 0.7203125 0.6875000000000001 0.73125 0.6875000000000002
0 0.41875 0.15000000000000005 0.403125 0.15000000000000005 0.403125 0.17187500000000006 0.41875 0.17187500000000006
0 0.2203125 0.04687500000000002 0.2078125 0.04687500000000002 0.2078125 0.06250000000000003 0.2203125 0.06250000000000003
0 0.09375 0.0015625000000000096 0.0625 0.0015625000000000077 0.0625 0.02656250000000001 0.09375 0.02656250000000001
0 0.09531250000000005 0.4234375 0.07500000000000004 0.4234375 0.07500000000000004 0.4484375 0.09531250000000005 0.4484375
1 0.7503172870541909 0.7544878192561588 0.5866602809016721 -0.032067786007977064 0.28925418259215313 0.029812888842077112 0.45291118874467184 0.8163684941062129
3 0.6046875 0.675 0.5078125 0.675 0.5078125000000001 0.809375 0.6046875000000002 0.809375
3 0.6390625000000002 0.8109375 0.5328125000000001 0.8109375 0.5328125000000001 0.9390625 0.6390625000000002 0.9390625
3 0.6859375 0.553125 0.615625 0.553125 0.615625 0.69375 0.6859375 0.69375
3 0.7203125000000001 0.771875 0.6250000000000002 0.771875 0.6250000000000002 0.9359375 0.7203125000000001 0.9359375
3 0.7906250000000001 0.6921875000000001 0.69375 0.6921875 0.6937500000000001 0.8640625 0.7906250000000001 0.8640625