1 0.9315903423481104 0.35400604158106963 0.27124346521923326 0.23954591485967364 0.20367925771800915 0.6293394150688677 0.8640261348468863 0.7437995417902636
2 0.06656022227473313 0.9696585065277912 0.035373264062500034 0.8209635421874999 0.018603551342341353 0.8244807852370888 0.049790509554574446 0.9731757495773801
0 0.3890625000000001 0.8625 0.3703125000000001 0.8625 0.3703125000000001 0.8921875 0.3890625000000001 0.8921875
0 0.5859375000000002 0.88125 0.5765625000000002 0.88125 0.5765625000000002 0.903125 0.5859375000000002 0.903125
0 0.5531250000000002 0.7984375 0.5406250000000001 0.7984375 0.5406250000000001 0.8140625 0.5531250000000002 0.8140625
0 0.590625 0.7 0.5828125 0.7 0.5828125 0.715625 0.590625 0.715625
0 0.41875 0.6125 0.403125 0.6125 0.403125 0.6453125 0.41875 0.6453125
0 0.2734375000000001 0.5109375 0.25468750000000007 0.5109375 0.25468750000000007 0.540625 0.2734375000000001 0.540625
0 0.546875 0.2953125000000001 0.528125 0.2953125000000001 0.528125 0.31718750000000007 0.546875 0.31718750000000007
0 0.559375 0.3625000000000001 0.5453125 0.3625000000000001 0.5453125 0.3781250000000001 0.559375 0.3781250000000001
0 0.9515625 0.20468750000000008 0.9359375 0.20468750000000008 0.9359375 0.2328125000000001 0.9515625 0.2328125000000001
0 0.9890625 0.3609375000000001 0.9734375 0.3609375000000001 0.9734375 0.3859375000000001 0.9890625 0.3859375000000001
0 0.1953125000000001 0.89375 0.1828125000000001 0.89375 0.1828125000000001 0.9234375 0.19531250000000014 0.9234375