3 0.7140625 0.3218750000000001 0.678125 0.3218750000000001 0.678125 0.37187500000000007 0.7140625 0.37187500000000007
3 0.7234375000000002 0.825 0.6812500000000001 0.825 0.6812500000000001 0.8984375 0.7234375000000002 0.8984375
3 0.9875 0.6343750000000001 0.940625 0.6343750000000001 0.940625 0.7171875000000002 0.9875 0.7171875000000002
3 0.80625 0.6656250000000001 0.765625 0.6656250000000001 0.7656250000000001 0.7531250000000002 0.80625 0.7531250000000002
3 0.8671875 0.7703125000000002 0.8109375 0.7703125000000002 0.8109375 0.85 0.8671875 0.85
3 0.59375 0.646875 0.559375 0.646875 0.559375 0.721875 0.59375 0.721875
3 0.621875 0.575 0.56875 0.575 0.56875 0.6484375 0.621875 0.6484375
3 0.615625 0.45625 0.5578125 0.45625 0.5578125 0.56875 0.615625 0.56875
3 0.48125 0.44375 0.440625 0.44375 0.440625 0.5 0.48125 0.5
3 0.4296875 0.2640625000000001 0.3984375 0.2640625000000001 0.3984375 0.31718750000000007 0.4296875 0.31718750000000007
3 0.634375 0.3218750000000001 0.584375 0.3218750000000001 0.584375 0.3937500000000001 0.634375 0.3937500000000001
3 0.19062500000000004 0.3828125 0.15937500000000004 0.3828125 0.15937500000000004 0.4328125 0.19062500000000004 0.4328125
3 0.2328125 0.246875 0.19062500000000004 0.246875 0.19062500000000004 0.328125 0.2328125 0.328125
3 0.17656250000000004 0.3015625 0.12343750000000005 0.3015625 0.12343750000000005 0.3796875 0.17656250000000004 0.3796875
3 0.1609375 0.16875 0.09687500000000002 0.16875 0.09687500000000002 0.271875 0.16093750000000004 0.271875
3 0.12187500000000004 0.340625 0.08750000000000005 0.340625 0.08750000000000005 0.40625 0.12187500000000004 0.40625
3 0.07656250000000005 0.3640625 0.057812500000000044 0.3640625 0.057812500000000044 0.4109375 0.07656250000000005 0.4109375
3 0.06562500000000004 0.3109375 0.03750000000000003 0.3109375 0.03750000000000004 0.35 0.06562500000000004 0.35
3 0.09843750000000004 0.2171875 0.06406250000000002 0.2171875 0.06406250000000004 0.2859375 0.09843750000000004 0.2859375
3 0.040625000000000036 0.2546875 0.015625000000000035 0.2546875 0.015625000000000035 0.2984375 0.040625000000000036 0.2984375
3 0.05468750000000002 0.1828125 0.012500000000000022 0.1828125 0.012500000000000025 0.2484375 0.05468750000000002 0.2484375
3 0.13906250000000003 0.4046875 0.09375000000000004 0.4046875 0.09375000000000006 0.459375 0.13906250000000003 0.459375
3 0.45625000000000016 0.925 0.41718750000000016 0.925 0.41718750000000016 0.9875 0.45625000000000016 0.9875
3 0.5265625000000002 0.7546875 0.46406250000000016 0.7546875 0.46406250000000016 0.8390625 0.5265625000000002 0.8390625
0 0.8953125 0.3500000000000001 0.88125 0.3500000000000001 0.88125 0.3750000000000001 0.8953125 0.3750000000000001
0 0.8296875 0.3890625000000001 0.81875 0.3890625000000001 0.81875 0.4046875000000002 0.8296875 0.4046875000000002