3 0.5250000000000001 0.7859375 0.46093750000000017 0.7859375 0.46093750000000017 0.890625 0.5250000000000001 0.890625
3 0.5750000000000001 0.6875 0.509375 0.6875 0.5093750000000001 0.809375 0.5750000000000002 0.809375
3 0.6296875000000002 0.821875 0.5265625000000002 0.821875 0.5265625000000002 0.953125 0.6296875000000002 0.953125
3 0.6421875000000001 0.7921875 0.5781250000000002 0.7921875 0.5781250000000002 0.9 0.6421875000000001 0.9
3 0.7218750000000002 0.790625 0.6500000000000001 0.790625 0.6500000000000001 0.8859375 0.7218750000000002 0.8859375
3 0.7281250000000001 0.6984375 0.6 0.6984375 0.6000000000000001 0.834375 0.7281250000000001 0.834375
3 0.6421875000000001 0.6046875 0.50625 0.6046875 0.5062500000000001 0.7578125 0.6421875000000001 0.7578125
2 0.4647561238512539 0.5665610293470027 0.2094184031250001 0.4524739578125 0.1920190065011601 0.49141546289443017 0.44735672722741393 0.6055025344289329
2 1.0054588444995147 0.6852859047391178 0.35500282920410076 0.5103792644092113 0.3469491679052791 0.5403298279046256 0.9974051832006928 0.7152364682345321
0 0.6484375 0.3984375000000001 0.634375 0.3984375000000001 0.634375 0.428125 0.6484375 0.428125
0 0.640625 0.3375000000000001 0.6265625 0.3375000000000001 0.6265625 0.3609375000000001 0.640625 0.3609375000000001
0 0.190625 0.08125000000000002 0.1765625 0.08125000000000002 0.1765625 0.10781250000000002 0.190625 0.10781250000000005