1 0.8967212668937959 0.749256616180709 0.4515068902570528 -0.004735474523692829 0.1093881948081199 0.19727746912373206 0.554602571444863 0.951269559828134
0 0.8875 0.2656250000000001 0.871875 0.2656250000000001 0.871875 0.2984375000000001 0.8875 0.2984375000000001
0 0.725 0.18906250000000008 0.70625 0.18906250000000008 0.70625 0.2296875000000001 0.725 0.2296875000000001
0 0.65625 0.2531250000000001 0.6421875 0.2531250000000001 0.6421875 0.2765625000000001 0.65625 0.2765625000000001
0 0.7703125 0.45625000000000016 0.753125 0.45625000000000016 0.753125 0.48750000000000016 0.7703125 0.48750000000000016
0 0.7296875 0.0906250000000001 0.715625 0.0906250000000001 0.715625 0.11718750000000008 0.7296875 0.11718750000000008
0 0.85 0.6750000000000002 0.8375 0.6750000000000002 0.8375 0.7000000000000002 0.85 0.7000000000000002
0 0.553125 0.634375 0.5359375 0.634375 0.5359375 0.65625 0.553125 0.65625
0 0.5625 0.5734375 0.55 0.5734375 0.55 0.5890625 0.5625 0.5890625
0 0.4578125000000002 0.8875 0.4421875000000002 0.8875 0.4421875000000002 0.93125 0.4578125000000002 0.93125
0 0.1687500000000001 0.8296875 0.1593750000000001 0.8296875 0.1593750000000001 0.846875 0.1687500000000001 0.846875
0 0.05000000000000006 0.4328125 0.03593750000000005 0.4328125 0.03593750000000005 0.4546875 0.050000000000000065 0.4546875
0 0.19062500000000004 0.378125 0.17968750000000006 0.378125 0.17968750000000006 0.4 0.19062500000000004 0.4
0 0.4109375 0.3687500000000001 0.3937500000000001 0.3687500000000001 0.3937500000000001 0.39531250000000007 0.4109375 0.39531250000000007