0 0.503125 0.12343750000000005 0.478125 0.12343750000000005 0.478125 0.14062500000000006 0.503125 0.14062500000000006
0 0.2562500000000001 0.5078125 0.2406250000000001 0.5078125 0.2406250000000001 0.5203125 0.2562500000000001 0.5203125
0 0.3546875000000001 0.965625 0.3421875000000001 0.965625 0.3421875000000001 0.978125 0.3546875000000001 0.978125
0 0.3781250000000001 0.9828125 0.3593750000000001 0.9828125 0.3593750000000001 0.9953125 0.3781250000000001 0.9953125
0 0.2000000000000001 0.6125 0.1750000000000001 0.6125 0.1750000000000001 0.6296875 0.2000000000000001 0.6296875
3 0.11406250000000004 0.375 0.029687500000000044 0.375 0.02968750000000005 0.4421875 0.11406250000000004 0.4421875
3 0.6109375 0.4546875 0.4046875 0.4546875 0.4046875 0.5421875 0.6109375 0.5421875
3 0.5546875 0.3812500000000001 0.4546875 0.3812500000000001 0.4546875 0.45625 0.5546875 0.45625
3 0.26562500000000006 0.2953125 0.16875000000000004 0.2953125 0.16875000000000004 0.378125 0.2656250000000001 0.378125
3 0.9296875 0.5484375000000001 0.8359375 0.5484375000000001 0.8359375 0.6156250000000002 0.9296875 0.6156250000000002
3 0.2843750000000001 0.9328125 0.034375000000000114 0.9328125 0.034375000000000114 0.971875 0.2843750000000001 0.971875
3 0.15156250000000007 0.5359375 0.04531250000000007 0.5359375 0.045312500000000075 0.603125 0.1515625000000001 0.603125