0 0.8765625 0.4781250000000002 0.859375 0.4781250000000002 0.859375 0.5031250000000002 0.8765625 0.5031250000000002
0 0.4921875 0.2406250000000001 0.4796875 0.2406250000000001 0.4796875 0.2562500000000001 0.4921875 0.2562500000000001
0 0.034375000000000044 0.3421875 0.021875000000000044 0.3421875 0.021875000000000044 0.3546875 0.034375000000000044 0.3546875
0 0.018750000000000044 0.359375 0.006250000000000045 0.359375 0.0062500000000000454 0.378125 0.018750000000000044 0.378125
0 0.3890625 0.17500000000000004 0.371875 0.17500000000000004 0.371875 0.2000000000000001 0.3890625 0.2000000000000001
3 0.625 0.02968750000000007 0.5578125 0.029687500000000068 0.5578125 0.1140625000000001 0.625 0.1140625000000001
3 0.546875 0.4046875 0.459375 0.4046875 0.459375 0.6109375 0.546875 0.6109375
3 0.6203125 0.4546875 0.5453125 0.4546875 0.5453125 0.5546875 0.6203125 0.5546875
3 0.7046875 0.1687500000000001 0.621875 0.1687500000000001 0.621875 0.2656250000000001 0.7046875 0.2656250000000001
3 0.4515625000000002 0.8359375 0.3843750000000001 0.8359375 0.3843750000000001 0.9296875 0.4515625000000002 0.9296875
3 0.06718750000000002 0.034375 0.028125 0.034375 0.028125000000000018 0.284375 0.06718750000000004 0.284375
3 0.4640625 0.04531250000000005 0.396875 0.04531250000000005 0.396875 0.15156250000000004 0.4640625 0.15156250000000004