1 0.983294306196654 0.7054536573595392 0.8434023385589395 0.2624624414285871 0.18040850889142587 0.4718289210075152 0.3203004765291404 0.9148201369384674
0 0.5015625 0.3187500000000001 0.484375 0.3187500000000001 0.484375 0.3390625000000001 0.5015625 0.3390625000000001
0 0.4234375 0.16875000000000004 0.4125 0.16875000000000004 0.4125 0.18750000000000006 0.4234375 0.18750000000000006
0 0.484375 0.2171875000000001 0.4765625 0.2171875000000001 0.4765625 0.23437500000000008 0.484375 0.23437500000000008
0 0.6640625 0.2750000000000001 0.65625 0.2750000000000001 0.65625 0.2953125000000001 0.6640625 0.2953125000000001
0 0.6 0.06718750000000007 0.5828125 0.06718750000000007 0.5828125 0.08750000000000006 0.6 0.08750000000000006
0 0.8140625 0.2765625000000001 0.809375 0.2765625000000001 0.809375 0.2890625000000001 0.8140625 0.2890625000000001
0 0.8046875 0.15781250000000008 0.7953125 0.15781250000000008 0.7953125 0.1781250000000001 0.8046875 0.1781250000000001
0 0.6984375 0.5984375 0.68125 0.5984375 0.68125 0.634375 0.6984375 0.634375
0 0.6609375 0.5546875 0.6484375 0.5546875 0.6484375 0.5921875 0.6609375 0.5921875
0 0.6078125000000001 0.725 0.5875 0.725 0.5875000000000001 0.75 0.6078125000000002 0.75
0 0.4609375 0.640625 0.446875 0.640625 0.446875 0.6640625 0.4609375 0.6640625
0 0.48125 0.6671875 0.459375 0.6671875 0.459375 0.690625 0.48125 0.690625