0 0.5484375 0.2296875000000001 0.528125 0.2296875000000001 0.528125 0.2593750000000001 0.5484375 0.2593750000000001
0 0.546875 0.5734375 0.53125 0.5734375 0.53125 0.615625 0.546875 0.615625
0 0.5375 0.6 0.5203125 0.6 0.5203125 0.6328125 0.5375 0.6328125
0 0.8265625 0.8796875 0.8109375 0.8796875 0.8109375 0.9015625 0.8265625 0.9015625
0 0.815625 0.7687500000000002 0.7984375000000001 0.7687500000000002 0.7984375000000001 0.7968750000000002 0.815625 0.7968750000000002
0 0.6218750000000002 0.95 0.5921875000000002 0.95 0.5921875000000002 1 0.6218750000000002 1
0 0.09218750000000009 0.7203125 0.0750000000000001 0.7203125 0.0750000000000001 0.7484375 0.09218750000000009 0.7484375
3 0.2875000000000001 0.8171875 0.1906250000000001 0.8171875 0.1906250000000001 0.9046875 0.2875000000000001 0.9046875
3 0.3593750000000001 0.784375 0.2906250000000001 0.784375 0.2906250000000001 0.984375 0.3593750000000001 0.984375
3 0.29375000000000007 0.86875 0.1828125000000001 0.86875 0.1828125000000001 1 0.29375000000000007 1
3 1 0.9046875 0.9546875 0.9046875 0.9546875 0.978125 1 0.978125
3 0.996875 0.7671875000000001 0.925 0.7671875000000001 0.925 0.88125 0.996875 0.88125
3 0.9171875 0.7359375000000001 0.8609375 0.7359375000000001 0.8609375 0.821875 0.9171875 0.821875
3 0.9125 0.7781250000000002 0.834375 0.7781250000000002 0.834375 0.8984375 0.9125 0.8984375
2 0.5230813128427654 0.519509940802221 0.4188895521407148 0.22356100556052141 0.3881048893941889 0.2343990516969598 0.4922966500962396 0.5303479869386594