3 0.1765625 0.010937500000000018 0.1171875 0.010937500000000013 0.1171875 0.09531250000000002 0.1765625 0.09531250000000002
3 0.35625000000000007 0.5640625 0.3109375000000001 0.5640625 0.3109375000000001 0.6359375 0.35625000000000007 0.6359375
3 0.4578125 0.3453125000000001 0.390625 0.3453125000000001 0.39062500000000006 0.4625 0.4578125 0.4625
3 0.5078125 0.18281250000000004 0.46875 0.18281250000000004 0.46875 0.2578125000000001 0.5078125 0.2578125000000001
3 0.965625 0.050000000000000114 0.9265625 0.050000000000000114 0.9265625 0.13750000000000012 0.965625 0.13750000000000012
3 0.8890625 0.12031250000000009 0.8484375 0.12031250000000009 0.8484375 0.2015625000000001 0.8890625 0.2015625000000001
3 0.6078125 0.2734375000000001 0.546875 0.2734375000000001 0.546875 0.3609375000000001 0.6078125 0.3609375000000001
3 0.496875 0.453125 0.4359375 0.453125 0.4359375 0.5640625 0.496875 0.5640625
3 0.4296875000000001 0.690625 0.3687500000000001 0.690625 0.3687500000000001 0.8046875 0.42968750000000017 0.8046875
3 0.6359375 0.4046875 0.5765625 0.4046875 0.5765625 0.4859375 0.6359375 0.4859375
3 0.8875 0.3656250000000001 0.825 0.3656250000000001 0.825 0.4859375000000002 0.8875 0.4859375000000002
3 0.5062500000000002 0.85 0.44062500000000016 0.85 0.44062500000000016 0.9859375 0.5062500000000002 0.9859375
3 0.4453125 0.23437500000000008 0.378125 0.23437500000000008 0.378125 0.3515625000000001 0.4453125 0.3515625000000001
3 0.5578125 0.2765625000000001 0.4671875 0.2765625000000001 0.4671875 0.45 0.5578125 0.45
0 0.5812500000000002 0.940625 0.5531250000000002 0.940625 0.5531250000000002 0.99375 0.5812500000000002 0.99375