3 0.2140625000000001 0.4609375 0.11093750000000005 0.4609375 0.11093750000000005 0.525 0.2140625000000001 0.525
3 0.3140625000000001 0.509375 0.19218750000000004 0.509375 0.19218750000000007 0.575 0.3140625000000001 0.575
3 0.17812500000000006 0.5265625 0.04687500000000007 0.5265625 0.04687500000000007 0.6296875 0.1781250000000001 0.6296875
3 0.2078125000000001 0.5796875 0.10000000000000009 0.5796875 0.10000000000000009 0.6421875 0.2078125000000001 0.6421875
3 0.2093750000000001 0.65 0.11562500000000009 0.65 0.11562500000000009 0.7234375 0.2093750000000001 0.7234375
3 0.3031250000000001 0.6 0.16562500000000008 0.6 0.16562500000000008 0.728125 0.3031250000000001 0.728125
3 0.3968750000000001 0.50625 0.24375000000000008 0.50625 0.24375000000000008 0.64375 0.3968750000000001 0.64375
2 0.5475260421875 0.20941840312500007 0.5085845371055698 0.19201900650116008 0.3944974655710671 0.4473567272274138 0.4334389706529973 0.4647561238512538
2 0.489620735590789 0.3550028292041008 0.4596701720953744 0.3469491679052791 0.2847635317654679 0.9974051832006928 0.31471409526088245 1.0054588444995145
0 0.6015625 0.634375 0.571875 0.634375 0.571875 0.6484375 0.6015625 0.6484375
0 0.6640625 0.6265625 0.6390625 0.6265625 0.6390625 0.640625 0.6640625 0.640625
0 0.91875 0.17656250000000012 0.89375 0.1765625000000001 0.89375 0.1906250000000001 0.91875 0.19062500000000013